cam0:
  cam_overlaps: [1]
  camera_model: pinhole
  distortion_coeffs: [0.15522587557909306, -0.16057199322943916, -0.001977304744623189, 0.0014064765145326075]
  distortion_model: radtan
  intrinsics: [440.80102691038604, 440.2862303206829, 322.4206654246114, 214.52758108028792]
  resolution: [640, 480]
  rostopic: /cam0/image_raw
cam1:
  T_cn_cnm1:
  - [0.9988428511381309, -0.04695974744424713, 0.010379829007121049, 0.12427062072164696]
  - [0.04719217147690583, 0.9986113986042858, -0.02341310592128363, 0.0015524633392944972]
  - [-0.009265942021125623, 0.023875860142819075, 0.999671989014845, -0.0019328020591971523]
  - [0.0, 0.0, 0.0, 1.0]
  cam_overlaps: [0]
  camera_model: pinhole
  distortion_coeffs: [0.14287188149680355, -0.1373777993471041, -0.0014551959115517198, 0.0013593696887669077]
  distortion_model: radtan
  intrinsics: [441.3580965756471, 441.03373287836666, 313.9820270783836, 232.22509730756425]
  resolution: [640, 480]
  rostopic: /cam2/image_raw
